664 6298 8329 5640 613 7140 931 7917 4605 341 9246 1209 8923 8120 3595 9601 6180 8598 7791 9365 1702 2565 3472 4988 7591 1006 3077 9298 4138 9749 4188 4100 3078 1839 6387 4036 7336 8987 811 3384 2795 2455 2939 7576 8935 4396 1895 7376 8341 8059 771 3257 3896 2861 4534 3542 4158 1674 4792 3150 8352 7325 4717 5522 3953 1580 1493 8249 6110 6345 3673 7566 7386 5434 6511 4626 5015 4111 9004 8751 5046 9699 8082 1743 4506 3833 2301 1383 1389 3402 5516 4939 8916 176 4441 2474 3545 5422 7178 4870
7916 2063 1275 3422 7814 8069 8974 5601 4930 694 7571 1746 1291 431 3822 2009 102 9182 584 4071 9125 2746 9802 6764 9727 595 4723 9870 3326 8407 909 8963 1514 6109 4824 4602 2580 6384 1258 3139 5038 3829 8669 4261 6821 7146 8606 8218 1310 8577 8145 8874 1226 1673 9794 4670 9716 3749 507 6507 6042 1811 6525 5568 5012 1097 4085 7174 3037 1116 6935 1418 746 9647 7888 9146 7716 9497 7266 4942 7247 8438 6981 4680 3714 6903 2327 6388 8205 6565 3320 5828 5652 8525 1655 8811 1551 1338 1869 1052
3503 3899 2946 3206 2753 6857 6285 2961 3675 8613 9499 7428 6467 3173 8000 9605 6473 2783 4141 4539 5184 9563 5713 668 7020 3573 2749 8320 1420 9959 6382 3511 5723 2332 9519 7273 9144 9789 3063 4235 3065 119 5200 7835 7453 864 157 4669 6405 3591 1190 290 1988 1974 2674 6425 3249 982 5203 7446 129 5405 4198 4013 9753 6132 5899 5073 3923 851 503 7597 7724 7693 9192 3243 6669 5490 7010 6891 3111 6119 5913 6283 542 2131 5408 7480 5497 6407 5140 8136 9038 9175 469 5841 2586 3650 7554 4185
4841 7113 9828 3477 8106 8736 950 9899 2263 4029 3167 7768 7721 3345 5963 7504 9632 623 7201 979 5781 1328 5311 3931 4392 2833 3079 9878 5626 8541 6294 7986 5771 5999 7532 5116 1923 4154 1764 6290 6922 2857 8610 1154 1915 253 3533 1095 6897 2497 541 2094 6612 7657 4800 8170 6624 5686 3269 5993 9026 2591 5665 2587 7771 5675 1941 4199 3587 8065 1346 6114 1754 917 3930 8200 4519 9929 8817 7203 5569 6607 928 2366 5486 6884 4209 7265 9387 5541 7362 8805 5040 1186 5447 5697 8632 2106 6798 9516
8682 9879 8376 5662 9241 1276 6128 2935 9469 82 3072 1571 4491 9335 6920 9137 6115 1171 9512 1603 4142 876 4672 6438 338 2186 3742 5155 7066 1676 7209 4699 7771 3856 9072 9133 8817 5849 5657 5800 5739 6295 1460 6303 8602 1060 2812 4834 5867 2385 875 1721 1160 5088 9940 4097 9392 3950 5792 7457 1878 2709 2951 6146 5245 2200 1464 3679 245 1221 1451 9200 9230 3240 22 824 4098 4500 103 117 1883 1524 8494 206 6532 1555 814 7344 5001 7608 4458 1308 264 3069 2785 5062 5549 7620 3713 6086
625 1731 8151 4440 9952 2640 4316 7519 2334 5616 8044 1667 1845 8576 5680 8628 2896 894 6867 8093 8501 8895 1172 5181 966 6614 6203 8779 8171 2346 679 7621 4247 1104 1186 7149 7652 8695 3909 6815 2633 236 9371 3648 7205 6152 8790 567 2405 9498 4200 5455 280 4785 7265 2347 8094 4095 6824 6143 1539 3366 2806 8043 6545 3861 6304 4659 2343 1570 100 8297 3154 1543 4733 1332 7151 1994 884 6058 7777 3194 7631 3628 964 9700 9210 6661 2600 4509 5846 8178 1059 5912 1070 1336 8311 7049 3164 447
986 3491 2074 8766 9457 4535 8300 3969 7387 2062 2990 8526 4439 4058 3216 1999 5159 4409 1625 4673 3358 6893 2987 6810 5681 107 1096 1483 8643 7987 5472 2321 7318 4794 8767 821 87 7837 270 7231 837 3207 8807 3451 7307 1829 6056 2043 4201 4662 2368 604 6472 9818 9168 7172 7864 7413 3142 8288 8689 5369 2629 8488 7722 2835 2547 8491 5889 156 4782 379 9803 4754 324 6721 845 5463 8307 3669 3538 5919 2839 4873 492 6157 2665 447 7421 8870 4124 7389 8596 6207 908 610 3500 2902 9905 289
1731 4440 6867 8628 1845 5680 4095 9952 2640 619 1667 7519 7205 8311 5308 884 2896 3366 280 1994 1104 6654 894 2405 3471 8171 4785 8044 5904 100 966 6304 9679 8798 3648 8457 5555 2347 8895 1285 8178 3909 8094 5455 2731 7151 8465 3154 8779 4200 2343 3628 2346 4659 8080 5037 964 6815 6871 6824 9375 423 580 2073 4662 1070 5191 7340 881 7685 2027 5846 6545 4822 8297 545 2806 7875 2645 8478 9492 2445 731 3391 4215 1533 4801 6058 2658 1246 7462 6793 6424 5369 4283 2724 9763 9566 3499 3517
574 9122 9897 6003 932 474 5072 8494 1510 9550 7620 788 8296 8195 2652 2386 300 3756 3820 8365 7374 3294 9924 2291 6486 7209 1603 6147 3346 4808 1772 2643 5671 7470 3377 22 5220 7533 8501 6621 6608 3049 8146 5792 2713 6532 6190 8602 3971 5990 1157 1123 8265 1624 1406 5088 679 5932 1384 5806 5811 1654 4211 3227 7650 4904 5067 6438 786 4832 6457 8353 9788 237 6843 7739 7782 8514 925 4794 9475 2881 406 1362 9050 1237 6136 7752 4329 8908 3878 403 7342 2905 1498 5344 9231 7369 8491 821
7169 3126 7756 1319 7102 3821 9583 1015 1714 3939 2374 4026 3708 4501 5645 5380 2741 7498 3687 795 5731 9033 1558 1701 313 4545 5487 2072 9941 1351 5938 3368 7573 5090 5284 204 6018 4413 248 5248 4426 2459 9399 7026 3647 4511 7697 5094 6183 7589 9520 1952 2354 1352 7680 4422 4774 3217 6116 5286 4657 5131 4580 7329 967 7563 8523 8091 8571 6926 7891 6166 8375 8004 302 9052 2710 857 6801 8035 5926 8392 2732 8081 4574 5831 3071 8395 2541 6360 9836 9484 8362 503 9720 6596 8877 1329 1681 5916
1915 1446 1023 5999 253 8185 2373 562 4276 7201 8736 749 7051 9884 9828 7986 623 1186 1764 4842 9708 5541 2587 9929 8544 1346 5665 4705 8043 8018 1941 6182 5809 600 9599 17 8610 2833 5894 2875 6178 2181 979 8578 2106 2857 6712 9059 7785 5895 414 8081 2316 2782 4817 8800 5311 928 4413 8641 7113 248 7013 9623 9899 149 2238 7768 7646 5626 9026 8618 638 9821 8937 8903 9950 4800 8632 8138 1818 695 3588 8096 9941 2693 3360 7959 2212 7179 6481 7406 9031 6613 565 7504 5550 408 5168 92
8158 193 7948 7270 5598 2868 9353 7179 3743 5763 4538 5406 7048 3405 5675 9728 9836 7196 4186 5759 8429 4853 7701 8333 78 2556 9505 9926 6294 5203 9059 5014 4259 5858 5609 5780 6340 4292 6055 4770 3840 7480 5562 1564 5066 6174 5404 1718 5541 3365 5312 466 6183 9941 4087 1691 8989 6919 7441 605 2064 9128 7288 7528 2679 9478 1563 4385 5094 7342 1355 7391 5975 7493 4774 5320 6906 7986 3386 1154 6166 6671 9522 2104 8375 9186 6137 5359 4580 4901 408 1763 3607 1935 5665 5862 2741 2970 4119 7533
4142 761 2205 8072 4934 2895 4817 3546 9710 7324 7021 9828 2181 9094 98 7785 9841 4300 4244 17 6215 1219 8185 3296 3004 3046 8931 911 9884 4135 736 6607 7211 5025 7042 2844 9420 2487 4860 9879 541 5993 5999 8641 7522 1095 7066 5511 1136 213 2875 589 7201 1008 8037 23 7898 8873 2199 5221 2379 6578 4467 7768 6851 8129 7953 2472 8437 9516 2102 623 6723 9754 4635 2718 9929 1088 2229 2587 928 2846 6686 6701 7582 3683 6718 7820 6064 530 8840 8325 3626 3726 5290 5686 8293 9528 810 1437
8404 2325 113 6215 6445 1848 4364 8328 1872 3290 1946 6696 5538 3046 5940 6497 9590 2759 4244 3629 8871 8009 1587 5146 8025 725 2466 3564 3697 6673 9799 8652 3626 736 1219 6187 3256 9660 7032 4675 1283 7316 2573 8754 9932 933 1416 4927 6752 2911 7684 5758 2840 1188 2387 8781 2423 6294 759 1128 1491 6578 7439 3129 9047 9484 6273 6350 1518 4860 8641 6801 2625 5494 2494 4220 9263 7935 3004 1577 8749 4807 1951 2919 5726 3816 2181 2241 9828 9191 6712 6607 2472 1583 3665 8578 8072 9929 13 9880
3520 3569 5214 8989 2255 4357 1459 586 1608 4756 1542 9094 6011 9728 1801 3633 2915 7861 6575 1343 538 8429 2789 7948 6868 7590 9009 5598 7541 5483 4025 8360 5541 6296 2379 8789 214 6881 1740 2126 4387 1831 6376 7170 5030 8873 6098 3128 5991 3683 1467 4259 9791 3840 793 928 5025 3230 2506 3192 3241 7602 6337 4375 1709 761 2992 7042 3605 2028 1486 9472 5126 3998 9189 8129 9059 7458 5378 4817 2880 8535 9128 9525 6279 9925 7270 2472 841 6178 2846 784 831 414 3219 1224 8630 8839 6541 4770
6846 8777 6600 3611 7552 5002 3509 5232 8568 8605 9671 3659 1048 8066 1300 9900 9991 8405 868 5469 3733 3308 2070 4294 3270 1062 6181 6074 7855 9357 8811 8456 4729 4448 4407 4375 1850 317 5393 9538 4532 690 5794 9294 6222 7670 4365 5785 3604 4339 5643 4421 2330 7899 5091 5670 7747 1462 4473 3460 7004 5702 1453 9494 3946 1646 1098 9957 6959 7787 9040 9078 7903 8463 8089 9667 5460 9850 659 7863 8651 6553 2057 9972 882 1682 9003 9318 8918 5478 6210 1232 9007 778 8940 718 126 4866 8202 5235
2535 5253 8584 7264 3713 814 5457 3581 4415 5413 8847 9414 2692 5010 2340 2735 8827 83 2516 1721 1323 8314 5353 963 1664 1524 875 7436 876 4260 5098 8682 6629 5914 4469 9214 9824 6001 5062 4500 5662 4660 5586 4370 9444 4997 1464 1221 1712 3774 7632 4672 3742 5389 1838 7634 6049 6161 2224 1276 9998 8619 958 4706 5657 3006 1124 1820 8875 1849 3698 4523 1064 4850 3956 9759 2078 1284 849 5144 2537 6146 8823 9124 3887 2837 1977 1234 9469 6048 5054 2499 1730 5199 3737 728 4466 1555 4312 3387
2579 2338 5182 1888 4016 7360 4634 3772 6411 3147 5339 7047 3913 1971 2412 2460 635 9432 4111 7182 5528 5883 7667 262 2086 1993 507 4456 8249 1734 8441 8567 8881 5523 4170 1462 7325 5519 5720 8339 7665 1813 1655 4513 6525 1867 8228 2107 9984 8421 9761 5721 5653 3720 7191 7392 7087 5065 3884 294 9849 3506 818 4644 3900 8507 5223 9626 2993 2067 7240 2216 5909 9601 7728 9997 6210 7708 6899 4761 7386 5768 4351 9917 3714 7933 6281 5278 2758 8359 5670 9201 4421 2940 3885 106 2256 8987 7395 2861
4306 829 8646 2009 3107 9125 3422 6747 7865 4 9240 5936 1291 7174 1061 340 8963 1282 7571 5719 3340 6518 5415 102 1936 4948 8330 1611 694 4727 2433 5934 1802 9196 584 2063 8515 7472 2524 4602 7832 8525 5506 9727 2428 2871 6833 1116 1418 9293 3189 507 7077 4373 3090 1729 6814 1514 6764 6903 767 2163 6790 7220 8603 7022 2578 2216 6715 2979 4548 9647 6043 5198 6586 2085 3815 7295 8433 7584 3924 158 7564 3429 6148 6274 9182 1353 2950 9178 6101 4521 2955 5829 3826 7247 6688 9078 6525 9303
5667 6362 3494 8548 1728 6721 8494 4168 8296 9646 4968 8514 786 4137 7492 4018 6606 7108 7189 2249 22 2430 7701 6472 6258 1307 9775 5990 5907 5344 2450 2802 956 1384 531 9897 1123 4873 5924 6100 2223 1884 656 788 8894 8602 5373 165 3047 2990 4657 7533 1625 1788 3780 2074 4480 8065 162 6597 3125 5283 8195 4227 8890 6435 4256 1765 9231 9648 9484 9122 1775 402 5247 4183 5959 4923 3983 3974 6532 9568 7281 4972 7435 7528 826 8393 3148 3523 2820 9276 6699 7374 8482 7837 2499 745 6661 6374
3035 5787 1108 6177 7913 9396 4182 8103 4974 4369 3410 2753 2163 7626 1301 3812 2584 6987 3643 4246 732 134 426 390 1992 3994 8305 1303 8403 7123 8384 8634 7416 6234 5939 3147 308 8710 767 630 755 8290 8818 8299 2752 9182 8520 5153 9045 754 7390 4198 3356 8926 2985 1272 3850 3678 8310 6669 971 6281 63 7076 1791 8425 2898 923 5757 74 3516 9152 5323 6538 4074 9187 9157 3973 4876 7841 2988 5169 2124 9099 180 215 9211 9733 3009 1152 5148 8046 2188 51 8082 7512 7975 3110 8191 4812
5432 6539 480 8187 2569 6405 7441 7508 2145 8228 7006 7907 1441 186 3160 6427 8260 7141 4688 1354 4001 8625 5652 9837 5116 2406 5084 6414 2191 6041 8396 7087 2674 316 1281 802 5842 6444 3831 3181 2151 9221 8859 4275 3395 3138 2904 7208 5523 1380 1377 4858 5816 1051 7759 2206 9690 9789 9890 7476 3543 3051 3009 2064 4366 8306 6930 437 1387 5204 5899 7131 6505 2218 2086 1793 2810 8567 8881 6482 1585 7043 3492 6615 2283 5078 4914 8244 1563 6525 1014 5310 5526 1884 2938 6658 8488 4484 5341 3977
178 1023 4842 23 4790 17 5168 3199 3017 4592 6792 7986 2373 9094 5579 7201 7179 793 5913 5089 414 1316 3998 8473 8190 6919 5975 1915 493 5397 8873 9242 9280 4047 8048 8725 4893 3744 9273 3816 2411 6541 50 5187 1193 6806 3788 9459 9943 8415 8707 9447 3855 4270 7042 8439 452 6187 1490 109 4259 2459 9399 9965 8578 4949 2038 3753 5111 6519 5562 7797 3613 6216 5131 7493 6502 2846 5404 2644 4868 1651 3353 1000 5921 334 9220 7458 6166 6972 4049 5025 3540 1329 8375 7351 9382 8272 7254 1787
7677 4362 53 3733 9395 733 8082 6827 8660 811 5743 7909 4190 1479 2753 475 4148 5585 5910 4624 9909 7604 359 2442 4631 4941 3269 8219 2953 2070 7142 6669 754 890 5015 8883 6110 8041 1650 2422 1890 5617 2052 9961 4786 4792 8286 1974 3627 3953 6857 8403 4314 1518 1389 9478 9099 4627 5087 4321 5797 8329 7376 2914 6846 7212 3675 4539 9229 5371 2621 9045 7425 5261 4198 2332 3087 2071 6298 7390 3946 9826 6733 1636 554 5059 3578 8781 3075 4428 7838 6345 232 2360 6714 590 4487 6511 3290 2872
9912 3867 463 6513 893 2410 2480 4172 3732 5572 3792 9993 6378 9174 2286 8533 5832 6565 4621 3616 4307 9703 9674 3944 1904 391 6083 1076 8055 210 1068 1547 453 4885 4559 5005 497 7378 6886 7805 305 3946 1881 3124 8259 5323 7841 5 5722 4338 9888 2218 241 278 219 9164 5669 6367 620 1238 5458 5842 9345 8061 4060 1348 6402 7627 2958 7539 2584 6219 8390 1409 3506 5078 9706 9331 7690 6265 1433 1761 2940 7036 4077 6448 6308 9463 516 1852 4599 9135 1814 5402 6184 767 1419 522 3692 1997
