0 3072
1 8604
2 3145
3 804
4 5115
5 8298
6 8235
7 2452
8 8495
9 9528
10 5550
11 7534
12 9646
13 9142
14 7960
15 3402
16 5278
17 2903
18 4312
19 8950
20 695
21 4300
22 5470
23 6360
24 2273
25 7966
26 1260
27 1055
28 319
29 7026
30 3497
31 5472
32 4254
33 8584
34 3355
35 3057
36 6636
37 894
38 1985
39 9630
40 8571
41 6586
42 6718
43 8725
44 1149
45 5910
46 3882
47 7189
48 1822
49 1456
50 4979
51 1243
52 1499
53 7415
54 1670
55 4990
56 7036
57 3061
58 6510
59 2280
60 4002
61 3281
62 4896
63 6171
64 6311
65 8211
66 3261
67 99
68 1389
69 6331
70 1536
71 3646
72 4345
73 7392
74 6277
75 7579
76 8380
77 4519
78 3987
79 263
80 1748
81 284
82 9728
83 3587
84 8744
85 201
86 791
87 9803
88 6993
89 6993
90 7991
91 521
92 1004
93 1965
94 5973
95 4502
96 557
97 7904
98 7886
99 677
100 117
101 6301
102 9907
103 3904
104 5992
105 7079
106 7963
107 3942
108 8817
109 1465
110 4573
111 8307
112 2398
113 3147
114 4305
115 2214
116 6433
117 3252
118 8502
119 1932
120 703
121 9660
122 4585
123 8581
124 3518
125 3789
126 1486
127 8043
128 2699
129 1657
130 9295
131 8109
132 4890
133 8744
134 5020
135 3236
136 8575
137 3904
138 1753
139 812
140 7726
141 671
142 3621
143 901
144 3179
145 9500
146 3567
147 4681
148 2271
149 5637
150 5060
151 233
152 2258
153 4925
154 3884
155 161
156 6167
157 9669
158 1301
159 2330
160 1896
161 2374
162 2995
163 8818
164 1863
165 9621
166 5117
167 9248
168 8469
169 2782
170 7280
171 7617
172 7785
173 1524
174 5425
175 2177
176 4324
177 1412
178 7148
179 7436
180 52
181 6383
182 5406
183 4197
184 8922
185 7278
186 4059
187 9542
188 6082
189 1045
190 3965
191 5057
192 6935
193 9521
194 8591
195 847
196 5929
197 6712
198 8704
199 8487
200 999
201 6997
202 224
203 6638
204 152
205 3802
206 4281
207 9577
208 1935
209 3958
210 3631
211 627
212 2179
213 9705
214 2669
215 3866
216 882
217 9355
218 1460
219 4193
220 9023
221 5772
222 1256
223 3095
224 6871
225 8328
226 2456
227 2494
228 3996
229 1941
230 4493
231 6091
232 896
233 1103
234 9267
235 4868
236 6643
237 1593
238 1873
239 6894
240 8768
241 2516
242 5629
243 1065
244 8075
245 1630
246 6445
247 3764
248 8431
249 8386
250 951
251 4675
252 751
253 4360
254 7598
255 3037
256 1347
257 6129
258 7424
259 2797
260 9763
261 6969
262 8098
263 5846
264 4972
265 2627
266 6296
267 8431
268 3417
269 7775
270 669
271 6536
272 8788
273 9824
274 7429
275 322
276 1617
277 5087
278 9250
279 264
280 4724
281 1563
282 3666
283 9948
284 8266
285 4493
286 5587
287 6905
288 1891
289 2953
290 2399
291 6684
292 6544
293 949
294 269
295 8907
296 1010
297 704
298 7734
299 6983
300 5548
301 381
302 5976
303 4606
304 3103
305 1420
306 7159
307 7201
308 365
309 9224
310 7616
311 2186
312 4753
313 2680
314 2340
315 1777
316 2747
317 9510
318 3888
319 4719
320 7670
321 6500
322 3358
323 496
324 2386
325 8037
326 9698
327 4401
328 5598
329 378
330 6877
331 9669
332 4807
333 6102
334 5410
335 8107
336 2175
337 7587
338 3001
339 5677
340 8202
341 79
342 8039
343 9012
344 3803
345 5782
346 1422
347 8714
348 5867
349 2372
350 7700
351 6889
352 940
353 486
354 3023
355 4459
356 3591
357 6379
358 757
359 8572
360 6007
361 6182
362 4144
363 905
364 6682
365 9265
366 8494
367 1807
368 3509
369 422
370 5886
371 73
372 3452
373 4186
374 5431
375 1451
376 2351
377 9788
378 7981
379 5877
380 3529
381 236
382 9877
383 1396
384 6241
385 4803
386 2977
387 4509
388 1246
389 4178
390 3641
391 1765
392 3899
393 8036
394 3228
395 2622
396 2584
397 5611
398 8593
399 5895
400 4738
401 7857
402 4444
403 9422
404 999
405 2465
406 8766
407 1524
408 6927
409 7124
410 8007
411 8952
412 4504
413 7506
414 8238
415 104
416 9638
417 3349
418 1035
419 9022
420 8334
421 334
422 455
423 8662
424 2221
425 8215
426 311
427 9677
428 7913
429 4873
430 8110
431 9719
432 5169
433 3517
434 4003
435 1278
436 8537
437 6515
438 7740
439 636
440 2361
441 6283
442 7908
443 8981
444 5513
445 1876
446 9125
447 2085
448 5934
449 5096
450 8212
451 9010
452 4402
453 4104
454 9582
455 5570
456 9734
457 6575
458 1308
459 8020
460 7294
461 3294
462 8619
463 6864
464 7732
465 1080
466 9669
467 5343
468 1143
469 2917
470 5832
471 1825
472 9997
473 3768
474 1643
475 8557
476 133
477 1247
478 3889
479 4504
480 6244
481 7433
482 9054
483 1183
484 311
485 3126
486 6125
487 8463
488 7010
489 1334
490 8930
491 5044
492 2618
493 442
494 7883
495 7122
496 2907
497 4890
498 8094
499 6016
500 3385
501 3225
502 3497
503 8864
504 8432
505 647
506 9325
507 7222
508 7172
509 8311
510 2557
511 2437
512 1320
513 4997
514 4484
515 8155
516 6658
517 1068
518 3856
519 1622
520 2818
521 4786
522 7635
523 534
524 6496
525 8405
526 9584
527 8595
528 6992
529 1594
530 3
531 215
532 6328
533 5241
534 8273
535 8298
536 8628
537 2793
538 1542
539 6261
540 9662
541 8589
542 3617
543 8383
544 8837
545 4392
546 7443
547 1028
548 4992
549 1181
550 8068
551 6967
552 5240
553 448
554 9225
555 3502
556 7304
557 6769
558 6099
559 5444
560 1073
561 1592
562 8719
563 74
564 6069
565 3896
566 7032
567 8220
568 8117
569 7230
570 4094
571 7504
572 2069
573 9494
574 9056
575 5729
576 4625
577 9346
578 5283
579 2580
580 4696
581 9466
582 319
583 3421
584 6163
585 2768
586 1244
587 3443
588 4831
589 7099
590 738
591 3925
592 8160
593 1961
594 6530
595 9443
596 5105
597 4069
598 4396
599 6328
600 8524
601 5860
602 5854
603 1444
604 8636
605 4384
606 3662
607 8072
608 4987
609 2963
610 1482
611 9018
612 1392
613 934
614 1505
615 9118
616 5073
617 8016
618 3398
619 4849
620 1076
621 8310
622 72
623 2454
624 4638
625 940
626 2582
627 607
628 1435
629 3336
630 2779
631 9378
632 8334
633 5972
634 1272
635 9362
636 1837
637 9905
638 6597
639 1342
640 2038
641 7948
642 9242
643 812
644 8844
645 976
646 6619
647 197
648 3347
649 9513
650 3509
651 9270
652 8835
653 6995
654 8243
655 9767
656 1809
657 9111
658 4256
659 8631
660 3629
661 5548
662 1824
663 1895
664 9235
665 9272
666 3341
667 9460
668 674
669 3548
670 7549
671 6550
672 6084
673 9808
674 566
675 3030
676 818
677 6884
678 4527
679 9679
680 8344
681 9728
682 7212
683 2896
684 5537
685 8
686 3964
687 8290
688 3773
689 5612
690 6858
691 4008
692 5612
693 263
694 7214
695 1744
696 7834
697 1840
698 4789
699 1093
700 2475
701 7660
702 4012
703 7976
704 2778
705 897
706 6588
707 8511
708 9207
709 9455
710 6176
711 2611
712 9330
713 2782
714 2641
715 2783
716 4543
717 6604
718 8615
719 1726
720 7390
721 2035
722 9190
723 4337
724 5890
725 5205
726 8938
727 6192
728 3244
729 1059
730 6914
731 390
732 1198
733 4082
734 2695
735 4638
736 834
737 4574
738 492
739 5509
740 2513
741 6706
742 1053
743 2839
744 30
745 378
746 3832
747 2085
748 3395
749 2309
750 2759
751 946
752 4385
753 5917
754 2491
755 3893
756 179
757 7720
758 4628
759 5032
760 7079
761 9400
762 9127
763 5828
764 258
765 6117
766 2682
767 8782
768 9984
769 8692
770 3986
771 3810
772 9100
773 1688
774 8145
775 9368
776 6545
777 8894
778 4326
779 5811
780 7000
781 5200
782 8958
783 6696
784 5873
785 6173
786 7259
787 2776
788 8798
789 5281
790 691
791 5375
792 6955
793 397
794 1625
795 3539
796 4257
797 122
798 2067
799 8276
800 310
801 4916
802 7611
803 5863
804 42
805 5627
806 179
807 9099
808 4507
809 9251
810 5777
811 2185
812 3553
813 9656
814 495
815 8522
816 7678
817 82
818 1543
819 1497
820 6013
821 4605
822 2967
823 74
824 2343
825 6628
826 2515
827 7819
828 4565
829 8070
830 1272
831 6807
832 3957
833 3422
834 837
835 6554
836 3875
837 4530
838 2369
839 1095
840 3906
841 2297
842 7638
843 8727
844 5665
845 9155
846 8624
847 1278
848 4992
849 417
850 4016
851 9415
852 2672
853 6336
854 7181
855 2751
856 595
857 6356
858 7416
859 2457
860 4692
861 1052
862 4165
863 7007
864 5345
865 2081
866 5499
867 4433
868 6402
869 1584
870 2900
871 6776
872 7286
873 5734
874 8757
875 3236
876 5197
877 5600
878 2396
879 1735
880 3116
881 2807
882 8780
883 741
884 4306
885 6379
886 8666
887 8691
888 3879
889 3457
890 5670
891 2299
892 1054
893 7451
894 4048
895 436
896 2477
897 9411
898 7006
899 8347
900 592
901 9555
902 4918
903 9874
904 8905
905 5449
906 7156
907 9589
908 8754
909 5704
910 5588
911 7196
912 7654
913 629
914 1683
915 3372
916 192
917 5552
918 8673
919 2830
920 1367
921 9066
922 7003
923 7312
924 7928
925 895
926 7158
927 819
928 4072
929 7218
930 6274
931 7640
932 2720
933 1269
934 9127
935 6205
936 4685
937 9900
938 5287
939 2482
940 5676
941 6059
942 2748
943 5984
944 6837
945 5694
946 5905
947 1766
948 1832
949 3727
950 5376
951 2887
952 424
953 727
954 8499
955 3561
956 321
957 4726
958 4038
959 8359
960 2571
961 5277
962 5700
963 8637
964 3108
965 2239
966 4587
967 4186
968 7140
969 2872
970 18
971 5914
972 4554
973 3779
974 8969
975 9136
976 7228
977 3826
978 1263
979 1440
980 2831
981 9486
982 9099
983 3841
984 4071
985 9703
986 631
987 993
988 174
989 2066
990 4620
991 9180
992 1840
993 9816
994 849
995 769
996 9554
997 1977
998 1340
999 7178
